001000000000000
001000100010000
010000000100000
001001100000101
001010000000100
011000000000000
011100100000000
010100101100000
010000000100000
001100010000000
001001000000001
010000001000000
001010101000101
001100010100000
111000000000000
000000000000000
000000000000000
000000000000000
000000000000000
000000000000000
000000000000000
000000000000000
000000000000000
000000000000000
000000000000000
000000000000000
000000000000000
000000000000000
000000000000000
000000000000000
000000000000000
